77 246 0
71 245 0
84 242 0
63 266 0
75 253 0
54 242 0
65 246 0
85 243 0
83 229 0
74 218 0
100 228 0
93 224 0
88 203 0
92 198 0
102 204 0
105 206 0
78 211 0
80 209 0
92 219 0
97 201 0
102 184 0
92 192 0
111 189 0
111 191 0
109 183 0
118 176 0
87 186 0
110 183 0
122 178 0
114 188 0
98 179 0
121 163 0
122 170 0
107 158 0
96 181 0
129 172 0
94 167 0
130 162 0
134 171 0
111 157 0
115 138 0
143 151 0
144 160 0
153 153 0
132 146 0
161 146 0
157 120 0
157 150 0
147 115 0
167 134 0
152 140 0
145 124 0
164 119 0
179 113 0
167 138 0
168 137 0
185 116 0
174 129 0
160 124 0
166 116 0
192 115 0
177 106 0
169 120 0
198 100 0
193 127 0
202 119 0
209 96 0
215 102 0
198 108 0
195 99 0
196 104 0
202 93 0
227 101 0
215 99 0
216 118 0
210 108 0
235 90 0
221 111 0
240 88 0
230 109 0
246 106 0
226 104 0
235 80 0
257 110 0
268 102 0
264 109 0
241 94 0
270 112 0
246 105 0
280 86 0
287 96 0
281 88 0
262 84 0
284 86 0
272 84 0
299 102 0
287 101 0
279 91 0
284 100 0
312 96 0
299 97 0
313 100 0
293 86 0
312 97 0
318 88 0
316 88 0
320 114 0
325 88 0
332 89 0
347 96 0
340 106 0
332 106 0
357 95 0
343 99 0
335 86 0
338 93 0
335 89 0
365 93 0
344 102 0
348 98 0
342 107 0
351 108 0
359 104 0
378 103 0
385 120 0
376 119 0
391 108 0
385 126 0
407 127 0
400 133 0
412 135 0
378 133 0
414 131 0
388 125 0
407 124 0
384 132 0
390 136 0
388 139 0
401 149 0
409 139 0
408 136 0
418 135 0
396 153 0
427 144 0
428 137 0
411 151 0
404 158 0
435 152 0
425 153 0
426 175 0
432 175 0
420 159 0
408 161 0
419 149 0
438 165 0
432 171 0
412 162 0
441 155 0
445 184 0
424 185 0
424 158 0
448 162 0
424 185 0
440 184 0
451 196 0
419 189 0
426 183 0
434 182 0
436 200 0
459 185 0
434 182 0
443 200 0
462 206 0
437 211 0
459 215 0
445 194 0
465 208 0
441 204 0
461 198 0
471 207 0
442 224 0
448 227 0
452 214 0
465 223 0
449 223 0
450 222 0
446 229 0
443 210 0
451 215 0
471 229 0
461 212 0
458 214 0
447 217 0
467 233 0
443 232 0
446 223 0
455 243 0
444 241 0
476 231 0
447 222 0
455 243 0
446 245 0
473 230 0
464 231 0
448 235 0
449 232 0
473 239 0
454 206 0
451 217 0
446 226 0
449 228 0
433 207 0
459 215 0
443 215 0
449 204 0
429 207 0
445 203 0
460 204 0
441 188 0
424 201 0
450 186 0
437 193 0
418 176 0
426 179 0
434 190 0
411 185 0
407 178 0
433 174 0
418 146 0
394 166 0
426 166 0
412 142 0
394 150 0
382 146 0
387 143 0
406 125 0
396 149 0
378 145 0
382 126 0
372 121 0
389 123 0
368 103 0
386 116 0
387 113 0
376 104 0
359 104 0
359 91 0
356 118 0
344 111 0
361 112 0
337 117 0
335 106 0
351 92 0
344 91 0
334 98 0
325 86 0
329 91 0
303 108 0
307 88 0
298 104 0
315 94 0
295 94 0
275 98 0
284 105 0
268 84 0
287 87 0
272 108 0
276 83 0
247 92 0
245 84 0
258 87 0
241 80 0
260 97 0
253 82 0
228 105 0
216 89 0
233 98 0
217 90 0
243 98 0
234 108 0
233 101 0
203 96 0
192 105 0
202 105 0
190 128 0
199 110 0
187 131 0
201 124 0
194 127 0
175 130 0
178 126 0
169 121 0
150 142 0
159 131 0
156 130 0
160 143 0
136 139 0
147 150 0
148 151 0
153 155 0
160 131 0
148 139 0
141 129 0
128 128 0
123 147 0
127 145 0
136 134 0
137 133 0
140 149 0
120 146 0
115 140 0
125 153 0
123 169 0
120 176 0
114 157 0
122 148 0
120 158 0
105 166 0
117 181 0
104 165 0
107 172 0
110 199 0
99 177 0
107 200 0
117 203 0
112 187 0
85 185 0
107 191 0
100 216 0
92 222 0
101 197 0
97 210 0
109 210 0
102 217 0
81 207 0
100 225 0
99 216 0
83 234 0
93 221 0
92 214 0
67 217 0
78 224 0
74 239 0
80 243 0
83 231 0
76 242 0
76 234 0
87 222 0
81 223 0
246 258 1
261 246 1
234 248 1
270 245 1
248 236 1
235 247 1
266 253 1
241 243 1
246 266 1
236 245 1
234 252 1
241 240 1
235 250 1
249 257 1
245 238 1
234 258 1
246 260 1
241 247 1
248 248 1
262 237 1
253 263 1
267 262 1
272 245 1
262 246 1
260 247 1
257 238 1
262 251 1
249 242 1
273 251 1
253 261 1
277 249 1
253 242 1
289 254 1
255 244 1
268 239 1
271 240 1
283 265 1
286 254 1
288 257 1
273 239 1
269 241 1
285 257 1
290 267 1
267 269 1
248 263 1
253 269 1
280 267 1
251 263 1
260 281 1
241 274 1
262 274 1
267 275 1
236 264 1
236 271 1
260 263 1
233 264 1
267 255 1
253 257 1
254 269 1
233 265 1
242 253 1
259 252 1
236 255 1
232 251 1
241 257 1
253 233 1
234 250 1
238 240 1
271 243 1
253 239 1
253 258 1
256 253 1
250 244 1
246 250 1
244 233 1
271 249 1
274 259 1
271 240 1
274 243 1
255 240 1
256 247 1
265 252 1
253 247 1
256 245 1
282 241 1
266 241 1
282 235 1
284 260 1
273 256 1
281 260 1
287 260 1
286 242 1
264 269 1
275 260 1
257 253 1
271 263 1
283 244 1
258 264 1
280 264 1
269 272 1
282 257 1
278 264 1
261 244 1