122 226 1
286 24 2
174 109 3
139 232 1
275 55 2
206 126 3
131 237 1
310 29 2
235 130 3
133 272 1
331 41 2
227 174 3
100 236 1
337 43 2
227 118 3
63 277 1
301 60 2
201 195 3
123 269 1
320 31 2
215 174 3
80 276 1
344 47 2
248 153 3
94 207 1
267 59 2
214 145 3
62 237 1
265 73 2
166 182 3
100 288 1
344 33 2
228 114 3
91 214 1
257 29 2
216 178 3
148 237 1
282 66 2
241 148 3
143 240 1
285 67 2
153 158 3
143 257 1
255 41 2
199 117 3
102 209 1
315 50 2
182 120 3
123 223 1
335 25 2
154 167 3
129 263 1
304 17 2
180 176 3
59 276 1
282 86 2
198 152 3
85 231 1
291 43 2
190 183 3
118 256 1
288 87 2
234 140 3
127 228 1
293 12 2
193 159 3
76 252 1
346 47 2
159 142 3
113 254 1
279 71 2
160 160 3
79 211 1
262 76 2
199 181 3
55 252 1
302 60 2
158 165 3
84 226 1
333 39 2
243 134 3
59 254 1
275 38 2
208 177 3
56 243 1
295 39 2
232 124 3
134 246 1
326 19 2
164 158 3
102 216 1
305 58 2
240 172 3
85 220 1
297 51 2
204 167 3
77 217 1
279 65 2
193 133 3
117 296 1
275 74 2
161 135 3
149 253 1
321 79 2
246 134 3
133 216 1
259 70 2
228 179 3
84 250 1
267 64 2
233 122 3
52 251 1
274 80 2
198 197 3
134 223 1
329 36 2
225 111 3
137 260 1
259 25 2
168 154 3
110 219 1
290 42 2
201 175 3
103 257 1
268 85 2
232 121 3
113 262 1
253 53 2
211 104 3
130 260 1
278 52 2
249 151 3
53 249 1
339 44 2
173 147 3
141 240 1
278 24 2
170 137 3
83 272 1
300 63 2
216 192 3
136 272 1
306 51 2
232 177 3
118 259 1
318 79 2
160 147 3
96 269 1
285 47 2
187 197 3
115 285 1
323 47 2
226 162 3
52 253 1
260 64 2
193 189 3
130 260 1
321 88 2
152 141 3
89 220 1
267 85 2
176 143 3
81 263 1
320 14 2
197 107 3
134 264 1
318 85 2
191 162 3
100 247 1
309 62 2
209 173 3
132 283 1
312 70 2
171 144 3
56 242 1
305 81 2
183 148 3
68 237 1
263 75 2
156 130 3
54 232 1
265 83 2
209 125 3
146 253 1
276 74 2
188 155 3
115 210 1
319 90 2
197 157 3
63 279 1
260 45 2
225 177 3
108 252 1
251 44 2
225 184 3
84 267 1
254 35 2
245 156 3
139 235 1
254 47 2
156 153 3
135 246 1
271 24 2
179 158 3
76 266 1
304 61 2
220 189 3
107 207 1
266 67 2
227 164 3
85 262 1
309 42 2
220 124 3
81 285 1
326 15 2
181 161 3
80 249 1
287 53 2
209 154 3
97 260 1
329 47 2
154 142 3
94 265 1
342 65 2
236 183 3
61 233 1
290 15 2
198 117 3
93 275 1
330 13 2
229 180 3
130 253 1
317 14 2
159 158 3
79 212 1
277 16 2
193 188 3
110 219 1
274 61 2
181 126 3
68 287 1
336 79 2
203 170 3
134 228 1
310 77 2
179 139 3
84 225 1
316 55 2
171 147 3
56 262 1
330 84 2
198 173 3
113 221 1
316 65 2
178 146 3
62 221 1
270 66 2
181 158 3
59 243 1
253 62 2
224 175 3
139 270 1
276 90 2
235 133 3
89 246 1
324 82 2
168 114 3
90 266 1
263 54 2
191 182 3
112 227 1
321 9 2
238 170 3
69 281 1
273 71 2
171 120 3
115 290 1
257 37 2
171 175 3
58 227 1
310 25 2
179 120 3
86 291 1
285 33 2
236 155 3
55 250 1
270 80 2
155 132 3
111 237 1
299 13 2
197 133 3
56 230 1
342 69 2
154 140 3
63 264 1
330 45 2
196 137 3
89 219 1
333 31 2
155 138 3
104 298 1
259 60 2
197 120 3
99 249 1
262 31 2
167 114 3
104 214 1
309 33 2
162 157 3
141 256 1
295 48 2
241 156 3
144 266 1
310 88 2
180 180 3
89 289 1
283 90 2
240 150 3
96 242 1
305 26 2
241 171 3
145 245 1
297 61 2
204 173 3
71 255 1
298 39 2
193 160 3
120 225 1
300 7 2
224 111 3
104 206 1
287 90 2
220 184 3
81 246 1
300 90 2
247 148 3
89 292 1
344 58 2
238 166 3
92 220 1
320 15 2
155 166 3
64 264 1
349 44 2
198 110 3
61 267 1
275 84 2
207 150 3
98 215 1
346 54 2
211 192 3
147 243 1
300 56 2
215 191 3
105 245 1
263 46 2
158 150 3
91 275 1
309 10 2
208 109 3
77 292 1
349 50 2
198 164 3
96 250 1
289 22 2
183 141 3
65 241 1
331 53 2
204 191 3
119 210 1
303 43 2
175 185 3
79 241 1
308 69 2
160 130 3
77 252 1
322 56 2
235 138 3
137 234 1
265 66 2
159 144 3
134 253 1
258 53 2
194 107 3
108 202 1
305 83 2
246 146 3
132 229 1
271 61 2
227 138 3
140 261 1
300 72 2
176 171 3
72 246 1
297 55 2
238 167 3
144 243 1
344 34 2
175 189 3
136 217 1
251 56 2
233 135 3
113 291 1
342 33 2
202 109 3
65 258 1
320 67 2
233 114 3
55 261 1
314 67 2
228 120 3
116 251 1
265 20 2
165 182 3
137 257 1
318 33 2
164 142 3
73 271 1
306 35 2
159 153 3
102 274 1
255 41 2
191 136 3
55 255 1
251 50 2
199 148 3
121 285 1
304 33 2
215 125 3
83 226 1
331 80 2
213 183 3
89 231 1
320 88 2
155 167 3
81 233 1
339 29 2
157 130 3
137 263 1
275 18 2
225 156 3
136 231 1
275 43 2
209 142 3
148 237 1
258 70 2
202 180 3
79 271 1
338 30 2
211 161 3
76 235 1
332 62 2
229 112 3
145 256 1
337 48 2
151 157 3
68 270 1
276 77 2
218 155 3
131 251 1
257 69 2
201 130 3
145 236 1
261 24 2
204 149 3
56 237 1
266 48 2
195 168 3
89 208 1
298 37 2
216 185 3
147 257 1
345 35 2
191 130 3
103 243 1
348 63 2
158 136 3
127 211 1
336 46 2
178 132 3
78 276 1
320 81 2
176 116 3
132 236 1
297 61 2
198 122 3
102 227 1
324 48 2
241 177 3
100 252 1
307 5 2
230 112 3
101 283 1
333 50 2
164 161 3
100 276 1
336 59 2
206 155 3
64 218 1
287 85 2
247 150 3
136 221 1
320 34 2
218 141 3
103 241 1
251 56 2
197 119 3
105 296 1
317 39 2
163 159 3
142 268 1
338 68 2
203 114 3
117 257 1
300 53 2
177 179 3
112 243 1
328 12 2
203 148 3
73 239 1
306 70 2
216 140 3
124 261 1
291 81 2
172 130 3
134 243 1
282 58 2
224 170 3
104 226 1
264 44 2
228 153 3
133 281 1
329 50 2
225 190 3
121 273 1
320 10 2
195 183 3
79 268 1
252 52 2
206 114 3
63 276 1
330 43 2
249 147 3
132 221 1
273 74 2
158 136 3
137 272 1
320 65 2
162 143 3
111 245 1
289 67 2
191 174 3
84 217 1
338 30 2
208 113 3
92 277 1
266 59 2
196 169 3
85 248 1
329 19 2
164 180 3
65 254 1
260 44 2
158 160 3
98 263 1
291 54 2
189 134 3
127 220 1
337 78 2
206 118 3
86 241 1
272 46 2
201 145 3
118 259 1
322 34 2
195 152 3
104 264 1
272 11 2
205 116 3
141 243 1
279 38 2
157 144 3
146 232 1
308 56 2
248 163 3
64 230 1
251 46 2
200 122 3
116 239 1
302 50 2
186 138 3
55 268 1
279 70 2
175 135 3
109 236 1
314 80 2
235 121 3
52 252 1
330 73 2
215 115 3
