80 566 0
65 544 0
71 563 0
90 544 0
55 558 0
83 540 0
83 542 0
80 534 0
45 532 0
48 522 0
58 521 0
71 505 0
47 522 0
53 493 0
52 492 0
81 506 0
71 483 0
59 496 0
70 483 0
75 496 0
98 491 0
102 477 0
120 486 0
104 487 0
104 505 0
125 483 0
113 509 0
131 502 0
145 497 0
147 529 0
126 515 0
139 533 0
159 532 0
145 520 0
146 529 0
146 558 0
135 559 0
134 556 0
150 558 0
124 551 0
140 563 0
104 549 0
110 548 0
125 566 0
110 565 0
103 540 0
123 555 0
89 548 0
89 567 0
92 551 0
83 557 0
85 554 0
108 533 0
87 545 0
104 552 0
103 540 0
113 529 0
78 532 0
106 509 0
110 524 0
79 513 0
81 511 0
80 516 0
97 517 0
105 507 0
87 509 0
116 507 0
124 508 0
99 518 0
101 493 0
100 497 0
102 517 0
275 299 1
281 310 1
266 324 1
271 312 1
273 310 1
291 306 1
278 309 1
269 323 1
249 301 1
251 325 1
249 313 1
260 312 1
262 296 1
263 307 1
267 292 1
271 304 1
235 289 1
266 271 1
244 260 1
252 266 1
246 268 1
242 263 1
253 253 1
264 259 1
255 243 1
265 244 1
280 234 1
277 222 1
264 223 1
270 237 1
285 228 1
307 239 1
295 243 1
318 213 1
315 218 1
328 230 1
339 242 1
318 234 1
331 241 1
339 231 1
333 253 1
328 249 1
353 264 1
339 237 1
360 257 1
335 255 1
352 270 1
367 260 1
367 273 1
360 279 1
324 289 1
333 274 1
312 271 1
317 270 1
327 279 1
315 277 1
305 286 1
305 280 1
285 290 1
305 293 1
280 305 1
275 276 1
270 304 1
281 287 1
266 301 1
269 274 1
253 285 1
260 283 1
258 258 1
270 271 1
262 261 1
272 241 1
260 242 1
270 266 1
285 259 1
293 243 1
302 252 1
291 244 1
295 267 1
300 257 1
289 251 1
298 244 1
288 258 1
317 259 1
326 261 1
312 268 1
321 275 1
309 269 1
331 282 1
321 268 1
306 286 1
301 295 1
305 304 1
329 300 1
298 317 1
289 313 1
312 299 1
294 324 1
307 300 1
309 304 1
270 293 1
279 298 1
272 276 1
277 306 1
267 298 1
260 286 1
261 288 1
290 270 1
272 256 1
290 275 1
311 251 1
304 264 1
306 251 1
310 250 1
336 255 1
342 243 1
341 242 1
339 267 1
342 271 1
331 258 1
323 263 1
349 278 1
347 278 1
347 291 1
361 271 1
330 271 1
345 286 1
321 276 1
331 272 1
346 292 1
341 294 1
318 296 1
309 284 1
305 288 1
301 314 1
315 300 1
300 306 1
292 286 1
302 297 1
294 299 1
290 285 1
277 290 1
276 259 1
282 255 1
274 251 1
279 249 1
307 246 1
295 255 1
292 231 1
296 256 1
308 229 1
297 245 1
311 235 1
324 246 1
306 252 1
324 244 1
314 272 1
305 246 1
332 253 1
511 85 2
488 72 2
502 75 2
503 91 2
495 85 2
504 64 2
494 68 2
483 70 2
466 74 2
475 68 2
465 79 2
461 69 2
476 62 2
470 53 2
460 35 2
494 23 2
477 4 2
472 27 2
500 11 2
501 -2 2
492 6 2
509 18 2
526 -5 2
537 1 2
535 3 2
538 12 2
551 8 2
544 12 2
556 4 2
560 2 2
553 23 2
589 25 2
572 43 2
589 25 2
558 34 2
570 42 2
563 54 2
576 55 2
568 72 2
584 71 2
570 77 2
570 90 2
551 81 2
551 88 2
553 77 2
543 90 2
524 97 2
509 80 2
516 80 2
491 104 2
485 98 2
489 90 2
506 78 2
485 68 2
465 75 2
464 70 2
476 67 2
494 71 2
471 64 2
473 53 2
472 46 2
484 31 2
474 25 2
484 40 2
476 10 2
500 13 2
490 28 2
493 28 2
506 18 2
525 3 2
545 15 2
556 17 2
527 23 2
559 25 2
536 13 2
556 33 2
562 26 2
536 36 2
559 53 2
541 55 2
555 46 2
550 58 2
547 64 2
560 64 2
556 70 2
556 65 2
536 64 2
532 63 2
520 88 2
512 65 2
513 65 2
505 69 2
516 55 2
500 71 2
497 68 2
495 61 2
509 64 2
521 30 2
536 40 2
537 49 2
539 39 2
531 52 2
524 23 2
525 21 2
539 28 2
546 39 2
529 50 2
521 35 2
539 34 2
535 53 2
533 53 2
518 64 2
554 68 2
519 84 2
514 76 2
503 67 2
496 68 2
524 79 2
501 93 2
514 75 2
488 74 2
490 69 2
477 60 2
483 73 2
508 69 2
497 51 2
485 45 2
500 40 2
515 44 2
505 53 2
499 34 2
519 48 2
512 48 2
526 56 2
528 31 2
511 48 2
511 33 2
504 41 2
519 72 2
525 39 2
505 60 2
532 51 2
516 56 2
529 65 2
500 54 2
505 66 2
501 87 2
500 79 2
486 66 2
492 90 2
496 72 2
484 62 2
507 59 2
473 59 2
490 72 2
483 50 2
509 54 2
483 59 2
502 57 2
501 35 2
501 36 2
500 23 2
511 29 2
508 8 2
523 20 2
508 38 2
530 20 2
536 13 2
541 35 2
535 39 2
522 38 2
534 31 2
538 39 2
558 42 2
536 52 2
558 62 2
569 55 2
553 55 2
564 47 2
577 71 2
563 81 2
549 68 2
548 69 2
550 79 2
535 78 2
530 87 2
516 95 2
527 89 2
514 81 2
482 84 2
501 91 2
488 91 2
494 93 2
492 70 2
459 77 2
472 70 2
486 69 2
454 70 2
454 45 2
456 62 2
467 48 2
461 35 2
467 45 2
486 36 2
484 31 2
471 24 2
495 20 2
467 14 2
497 24 2
503 39 2
498 26 2
516 10 2
527 35 2
523 25 2
534 25 2
548 40 2
548 30 2
547 41 2
552 49 2
536 40 2
533 57 2
526 53 2
537 42 2
533 57 2
528 67 2
532 82 2
544 73 2
538 80 2
525 76 2
519 63 2
503 81 2
491 80 2
513 89 2
483 80 2
508 60 2
506 77 2
491 78 2
513 68 2
492 52 2
508 66 2
494 50 2
489 56 2
494 30 2
522 30 2
522 41 2
515 23 2
527 44 2
523 21 2
507 36 2
526 36 2
536 60 2
545 58 2
532 64 2
527 52 2
556 61 2
553 47 2
554 67 2
556 67 2
534 66 2
548 86 2
558 68 2
548 68 2
524 92 2
516 92 2
524 100 2
514 99 2
503 87 2
485 85 2
475 82 2
477 89 2
497 63 2
480 64 2
470 71 2
483 60 2
469 59 2
477 71 2
496 59 2
474 50 2
502 28 2
513 28 2
520 26 2
505 28 2
497 32 2
495 12 2
533 23 2
511 33 2
526 23 2
531 31 2
539 23 2
543 52 2
563 38 2
552 52 2
569 46 2
553 55 2
534 49 2
549 52 2
558 55 2
546 66 2
562 53 2
528 70 2
553 51 2
540 55 2
534 80 2
533 73 2
525 80 2
527 83 2
505 66 2
515 84 2
505 66 2
515 52 2
515 82 2
496 67 2
510 67 2
514 72 2
489 49 2
501 48 2
490 61 2
486 60 2
511 50 2
485 39 2
501 23 2
494 51 2
495 38 2
517 25 2
517 27 2
513 29 2
483 24 2
522 23 2
488 12 2