293 302 0
282 281 0
281 289 0
308 291 0
300 302 0
309 291 0
285 293 0
280 273 0
280 277 0
287 288 0
296 296 0
285 287 0
280 287 0
270 282 0
276 276 0
271 296 0
270 284 0
294 276 0
300 286 0
273 277 0
273 274 0
277 277 0
268 283 0
266 278 0
274 278 0
290 296 0
289 282 0
280 283 0
272 277 0
290 290 0
289 272 0
266 281 0
288 286 0
296 263 0
292 257 0
287 277 0
273 266 0
280 250 0
311 265 0
288 246 0
297 261 0
317 262 0
286 263 0
307 261 0
292 275 0
289 255 0
294 253 0
304 275 0
322 285 0
306 255 0
313 286 0
314 287 0
298 286 0
302 290 0
313 280 0
321 285 0
325 304 0
295 305 0
295 295 0
287 298 0
303 297 0
301 298 0
279 308 0
308 314 0
282 318 0
287 305 0
267 318 0
282 315 0
279 304 0
280 323 0
283 309 0
259 294 0
268 296 0
285 315 0
257 289 0
290 302 0
254 286 0
285 283 0
287 285 0
273 283 0
256 284 0
287 265 0
259 285 0
291 261 0
258 275 0
270 278 0
296 264 0
264 270 0
274 259 0
282 273 0
271 265 0
287 266 0
294 272 0
308 263 0
297 267 0
285 263 0
304 249 0
294 248 0
311 263 0
309 279 0
296 261 0
294 267 0
293 272 0
310 265 0
302 265 0
295 275 0
321 293 0
298 298 0
311 276 0
312 272 0
318 303 0
320 307 0
316 289 0
310 315 0
311 304 0
315 303 0
300 297 0
294 299 0
293 298 0
311 306 0
287 301 0
293 320 0
272 306 0
286 311 0
272 301 0
274 319 0
257 303 0
273 307 0
268 285 0
265 298 0
282 309 0
285 296 0
273 309 0
276 305 0
269 284 0
259 283 0
263 273 0
280 295 0
254 282 0
261 283 0
274 272 0
271 264 0
278 261 0
292 270 0
261 259 0
277 258 0
260 263 0
297 257 0
275 260 0
290 250 0
304 260 0
271 266 0
303 248 0
293 260 0
281 244 0
298 270 0
135 447 1
141 452 1
129 448 1
111 448 1
143 452 1
115 456 1
109 440 1
113 445 1
142 443 1
136 446 1
124 441 1
129 451 1
131 451 1
138 442 1
118 441 1
135 432 1
120 437 1
120 420 1
92 415 1
108 421 1
84 420 1
81 412 1
89 383 1
95 394 1
74 389 1
84 379 1
74 397 1
81 381 1
92 367 1
90 358 1
53 357 1
71 344 1
87 344 1
82 344 1
62 322 1
70 339 1
78 329 1
69 338 1
69 303 1
41 307 1
62 318 1
60 322 1
57 299 1
39 301 1
38 275 1
56 268 1
40 279 1
60 278 1
43 271 1
44 252 1
50 244 1
52 250 1
41 251 1
66 233 1
43 217 1
46 227 1
38 228 1
52 211 1
48 190 1
55 196 1
51 189 1
80 185 1
87 167 1
68 159 1
68 141 1
89 155 1
103 149 1
105 133 1
110 128 1
101 95 1
99 86 1
134 87 1
129 95 1
126 79 1
130 91 1
142 71 1
153 74 1
149 92 1
147 60 1
157 60 1
146 84 1
159 61 1
154 61 1
167 84 1
157 60 1
138 77 1
155 69 1
164 75 1
164 82 1
158 69 1
154 61 1
135 85 1
163 82 1
162 86 1
151 58 1
157 81 1
146 89 1
172 73 1
171 90 1
165 61 1
166 69 1
182 61 1
184 75 1
197 49 1
218 68 1
207 62 1
209 73 1
236 70 1
216 73 1
230 70 1
264 56 1
274 79 1
257 63 1
260 65 1
271 65 1
274 62 1
277 67 1
291 73 1
274 70 1
308 71 1
294 78 1
299 74 1
291 62 1
299 60 1
291 66 1
314 65 1
320 62 1
322 63 1
302 53 1
309 55 1
332 62 1
326 68 1
321 61 1
325 61 1
310 71 1
333 52 1
351 65 1
332 71 1
334 61 1
349 55 1
366 72 1
348 74 1
356 87 1
383 85 1
352 78 1
394 84 1
373 91 1
382 99 1
409 92 1
389 80 1
417 88 1
397 104 1
408 84 1
410 95 1
429 90 1
418 111 1
426 103 1
432 97 1
446 112 1
443 103 1
435 115 1
428 111 1
457 138 1
433 131 1
442 135 1
458 131 1
449 133 1
454 144 1
457 164 1
456 156 1
487 157 1
468 160 1
491 166 1
457 162 1
477 151 1
492 185 1
481 168 1
491 185 1
502 188 1
489 201 1
472 191 1
509 210 1
499 210 1
508 223 1
518 203 1
515 218 1
508 221 1
502 205 1
497 216 1
513 196 1
513 210 1
489 206 1
486 209 1
481 205 1
487 220 1
500 211 1
486 219 1
514 204 1
493 218 1
519 208 1
514 209 1
481 210 1
499 206 1
516 211 1
520 233 1
504 234 1
493 239 1
522 248 1
494 249 1
518 263 1
498 256 1
496 267 1
512 243 1
502 268 1
514 261 1
497 250 1
484 262 1
516 276 1
505 286 1
508 279 1
511 266 1
482 287 1
516 295 1
499 292 1
481 299 1
499 314 1
479 301 1
478 302 1
500 324 1
480 316 1
475 320 1
480 313 1
486 320 1
507 334 1
501 345 1
489 328 1
479 338 1
496 337 1
465 357 1
488 355 1
470 358 1
469 369 1
468 363 1
454 371 1
468 369 1
466 367 1
452 360 1
453 367 1
456 369 1
443 384 1
477 387 1
437 389 1
449 392 1
436 393 1
447 387 1
428 409 1
460 404 1
448 396 1
452 417 1
426 393 1
423 396 1
415 399 1
409 406 1
420 432 1
423 434 1
414 428 1
410 427 1
417 415 1
392 419 1
403 433 1
393 420 1
394 444 1
382 424 1
405 430 1
400 431 1
384 427 1
375 427 1
401 428 1
391 431 1
377 439 1
372 422 1
372 440 1
384 431 1
358 443 1
362 444 1
386 451 1
365 438 1
379 428 1
355 453 1
381 433 1
385 435 1
365 430 1
373 455 1
371 445 1
354 433 1
371 440 1
379 456 1
375 451 1
352 446 1
362 441 1
349 437 1
357 461 1
354 440 1
352 470 1
332 457 1
337 473 1
320 481 1
300 484 1
294 464 1
308 477 1
301 478 1
270 477 1
274 462 1
273 479 1
256 470 1
267 479 1
258 474 1
246 465 1
232 471 1
253 486 1
236 467 1
234 489 1
214 483 1
227 474 1
219 497 1
219 469 1
219 490 1
197 486 1
213 463 1
222 474 1
194 465 1
199 482 1
167 472 1
193 470 1
182 485 1
171 468 1
165 483 1
143 473 1
172 453 1
157 463 1
165 473 1
165 445 1
139 463 1
163 451 1
134 452 1
147 461 1
143 451 1
168 451 1
144 454 1
143 437 1
158 454 1