67 149 0
97 146 0
96 145 0
79 136 0
95 141 0
69 144 0
80 143 0
74 147 0
50 143 0
62 135 0
50 139 0
43 145 0
69 150 0
44 152 0
57 141 0
28 136 0
59 139 0
57 147 0
41 148 0
37 143 0
45 117 0
21 132 0
37 121 0
53 122 0
21 125 0
17 111 0
30 118 0
22 108 0
40 95 0
45 116 0
12 108 0
28 117 0
26 118 0
9 102 0
24 81 0
27 80 0
9 86 0
42 96 0
20 83 0
23 96 0
26 65 0
25 78 0
28 76 0
45 77 0
21 89 0
26 75 0
46 77 0
34 68 0
39 76 0
22 51 0
33 40 0
37 41 0
44 48 0
27 47 0
18 41 0
38 45 0
55 45 0
56 31 0
46 46 0
32 25 0
50 25 0
53 43 0
51 20 0
28 40 0
44 34 0
64 33 0
54 47 0
72 33 0
35 31 0
39 24 0
56 16 0
41 39 0
51 16 0
79 31 0
53 32 0
79 37 0
76 25 0
61 33 0
59 39 0
63 24 0
66 13 0
91 18 0
96 34 0
67 18 0
95 27 0
67 27 0
78 22 0
95 34 0
77 38 0
80 29 0
109 28 0
116 17 0
96 40 0
105 33 0
106 42 0
108 24 0
119 16 0
117 13 0
112 27 0
128 37 0
106 24 0
101 26 0
106 25 0
121 7 0
106 19 0
104 20 0
117 35 0
122 30 0
110 27 0
135 24 0
126 13 0
149 26 0
130 44 0
120 37 0
153 31 0
138 36 0
151 45 0
154 39 0
161 31 0
165 39 0
152 60 0
166 55 0
156 51 0
162 50 0
143 54 0
160 64 0
151 50 0
165 38 0
151 71 0
187 62 0
174 56 0
178 80 0
167 78 0
199 90 0
181 90 0
199 98 0
194 74 0
181 74 0
169 85 0
171 84 0
196 79 0
191 107 0
186 103 0
182 115 0
187 111 0
178 106 0
177 108 0
170 120 0
178 128 0
170 116 0
165 118 0
175 130 0
164 110 0
190 124 0
167 138 0
154 121 0
177 143 0
171 134 0
175 123 0
159 135 0
169 137 0
170 138 0
156 138 0
145 143 0
158 151 0
139 141 0
162 157 0
136 139 0
158 145 0
127 154 0
147 140 0
140 157 0
126 168 0
147 148 0
130 145 0
118 149 0
130 166 0
119 160 0
123 155 0
133 165 0
128 161 0
94 170 0
105 163 0
118 162 0
110 161 0
110 157 0
102 151 0
82 174 0
65 158 0
85 141 0
65 158 0
52 152 0
69 163 0
62 142 0
46 145 0
58 156 0
65 149 0
60 142 0
73 158 0
52 135 0
50 134 0
43 161 0
64 141 0
46 165 0
24 140 0
22 137 0
45 131 0
35 147 0
38 135 0
28 133 0
40 127 0
36 133 0
38 115 0
20 122 0
15 123 0
33 114 0
41 105 0
39 98 0
10 103 0
20 86 0
37 87 0
42 93 0
16 84 0
34 95 0
25 102 0
31 97 0
21 73 0
14 91 0
5 69 0
17 67 0
6 74 0
18 82 0
8 68 0
42 59 0
34 63 0
448 573 1
480 565 1
456 565 1
472 573 1
446 560 1
476 557 1
461 572 1
453 569 1
461 570 1
467 558 1
469 568 1
454 568 1
469 563 1
460 577 1
471 579 1
475 574 1
451 585 1
431 563 1
429 571 1
452 561 1
425 553 1
436 576 1
432 552 1
433 545 1
419 537 1
429 545 1
395 553 1
400 561 1
418 558 1
409 546 1
404 522 1
397 534 1
400 539 1
378 538 1
389 536 1
396 541 1
406 532 1
402 526 1
369 521 1
375 525 1
386 524 1
398 513 1
399 506 1
395 516 1
371 501 1
389 497 1
379 493 1
386 499 1
381 494 1
399 486 1
389 487 1
374 486 1
365 487 1
368 487 1
370 479 1
393 486 1
392 465 1
382 482 1
395 468 1
398 472 1
391 469 1
380 461 1
387 467 1
380 449 1
386 449 1
410 451 1
401 456 1
389 453 1
381 451 1
396 453 1
397 442 1
404 457 1
415 442 1
416 433 1
391 430 1
397 449 1
408 428 1
401 435 1
415 418 1
426 434 1
429 438 1
432 426 1
409 440 1
404 428 1
423 436 1
421 420 1
418 428 1
419 408 1
421 423 1
448 422 1
438 428 1
449 411 1
427 404 1
447 407 1
429 406 1
433 404 1
448 421 1
468 397 1
442 404 1
461 412 1
466 412 1
460 398 1
476 422 1
474 407 1
465 392 1
476 395 1
471 408 1
490 399 1
478 421 1
473 425 1
491 415 1
469 415 1
466 401 1
472 393 1
477 413 1
494 422 1
506 406 1
500 421 1
485 414 1
498 424 1
493 408 1
507 403 1
501 424 1
499 411 1
499 414 1
489 421 1
492 425 1
513 395 1
522 413 1
525 404 1
494 403 1
500 410 1
514 422 1
507 411 1
513 411 1
535 418 1
505 408 1
534 417 1
514 426 1
530 428 1
541 419 1
538 436 1
527 443 1
520 425 1
522 434 1
511 423 1
543 436 1
513 432 1
524 446 1
532 427 1
526 438 1
527 454 1
527 444 1
544 455 1
547 439 1
530 444 1
558 451 1
528 455 1
533 446 1
550 458 1
548 479 1
531 478 1
560 472 1
559 477 1
568 499 1
550 486 1
574 495 1
566 506 1
565 499 1
557 509 1
574 494 1
568 506 1
540 504 1
565 515 1
562 520 1
553 516 1
547 515 1
570 514 1
575 528 1
545 512 1
551 542 1
547 533 1
537 525 1
554 547 1
572 533 1
539 531 1
551 554 1
560 535 1
546 542 1
537 529 1
557 547 1
531 546 1
537 551 1
532 543 1
537 549 1
546 562 1
546 551 1
537 557 1
520 554 1
518 566 1
528 566 1
512 553 1
526 559 1
543 555 1
524 572 1
508 565 1
509 568 1
534 571 1
503 555 1
505 579 1
527 572 1
523 578 1
498 567 1
489 574 1
523 562 1
494 576 1
502 587 1
510 582 1
509 566 1
498 559 1
491 555 1
473 567 1
482 561 1
494 572 1
482 564 1
477 581 1
480 560 1
508 578 1
480 561 1
509 573 1
483 562 1
484 585 1
502 579 1
485 565 1
513 569 1
507 541 1
516 554 1
534 547 1
500 546 1
505 555 1
507 548 1
524 543 1
519 537 1
538 529 1
529 548 1
531 551 1
536 537 1
550 528 1
544 521 1
554 519 1
523 521 1
528 512 1
525 509 1
531 523 1
558 511 1
540 505 1
564 512 1
565 490 1
544 497 1
563 479 1
540 474 1
566 467 1
567 479 1
554 486 1
560 471 1
538 457 1
536 470 1
546 461 1
547 465 1
551 450 1
537 471 1
550 452 1